5.000000000000000104e-03 0.000000000000000000e+00
1.499999999999999944e-02 0.000000000000000000e+00
2.500000000000000139e-02 0.000000000000000000e+00
3.499999999999999639e-02 0.000000000000000000e+00
4.499999999999999833e-02 0.000000000000000000e+00
5.500000000000000028e-02 0.000000000000000000e+00
6.500000000000000222e-02 0.000000000000000000e+00
7.500000000000001110e-02 0.000000000000000000e+00
8.500000000000000611e-02 0.000000000000000000e+00
9.500000000000000111e-02 0.000000000000000000e+00
1.050000000000000100e-01 0.000000000000000000e+00
1.150000000000000050e-01 0.000000000000000000e+00
1.250000000000000000e-01 0.000000000000000000e+00
1.350000000000000089e-01 0.000000000000000000e+00
1.450000000000000178e-01 0.000000000000000000e+00
1.549999999999999989e-01 0.000000000000000000e+00
1.650000000000000078e-01 0.000000000000000000e+00
1.750000000000000167e-01 0.000000000000000000e+00
1.849999999999999978e-01 0.000000000000000000e+00
1.950000000000000067e-01 0.000000000000000000e+00
2.050000000000000155e-01 0.000000000000000000e+00
2.149999999999999967e-01 0.000000000000000000e+00
2.250000000000000056e-01 0.000000000000000000e+00
2.350000000000000144e-01 0.000000000000000000e+00
2.449999999999999956e-01 0.000000000000000000e+00
2.550000000000000044e-01 0.000000000000000000e+00
2.650000000000000133e-01 0.000000000000000000e+00
2.750000000000000222e-01 0.000000000000000000e+00
2.850000000000000311e-01 0.000000000000000000e+00
2.949999999999999845e-01 0.000000000000000000e+00
3.049999999999999933e-01 0.000000000000000000e+00
3.150000000000000022e-01 0.000000000000000000e+00
3.250000000000000111e-01 0.000000000000000000e+00
3.350000000000000200e-01 0.000000000000000000e+00
3.450000000000000289e-01 0.000000000000000000e+00
3.550000000000000377e-01 0.000000000000000000e+00
3.649999999999999911e-01 0.000000000000000000e+00
3.750000000000000000e-01 0.000000000000000000e+00
3.850000000000000089e-01 0.000000000000000000e+00
3.950000000000000178e-01 0.000000000000000000e+00
4.050000000000000266e-01 0.000000000000000000e+00
4.150000000000000355e-01 0.000000000000000000e+00
4.249999999999999889e-01 0.000000000000000000e+00
4.349999999999999978e-01 0.000000000000000000e+00
4.450000000000000067e-01 0.000000000000000000e+00
4.550000000000000155e-01 0.000000000000000000e+00
4.650000000000000244e-01 0.000000000000000000e+00
4.750000000000000333e-01 0.000000000000000000e+00
4.849999999999999867e-01 0.000000000000000000e+00
4.949999999999999956e-01 0.000000000000000000e+00
5.050000000000000044e-01 0.000000000000000000e+00
5.150000000000000133e-01 0.000000000000000000e+00
5.250000000000000222e-01 0.000000000000000000e+00
5.350000000000000311e-01 0.000000000000000000e+00
5.450000000000000400e-01 0.000000000000000000e+00
5.550000000000000488e-01 0.000000000000000000e+00
5.650000000000000577e-01 0.000000000000000000e+00
5.750000000000000666e-01 0.000000000000000000e+00
5.849999999999999645e-01 0.000000000000000000e+00
5.949999999999999734e-01 0.000000000000000000e+00
6.049999999999999822e-01 0.000000000000000000e+00
6.149999999999999911e-01 0.000000000000000000e+00
6.250000000000000000e-01 0.000000000000000000e+00
6.350000000000000089e-01 0.000000000000000000e+00
6.450000000000000178e-01 0.000000000000000000e+00
6.550000000000000266e-01 0.000000000000000000e+00
6.650000000000000355e-01 0.000000000000000000e+00
6.750000000000000444e-01 0.000000000000000000e+00
6.850000000000000533e-01 0.000000000000000000e+00
6.950000000000000622e-01 0.000000000000000000e+00
7.050000000000000711e-01 0.000000000000000000e+00
7.149999999999999689e-01 0.000000000000000000e+00
7.249999999999999778e-01 0.000000000000000000e+00
7.349999999999999867e-01 0.000000000000000000e+00
7.449999999999999956e-01 0.000000000000000000e+00
7.550000000000000044e-01 0.000000000000000000e+00
7.650000000000000133e-01 0.000000000000000000e+00
7.750000000000000222e-01 0.000000000000000000e+00
7.850000000000000311e-01 0.000000000000000000e+00
7.950000000000000400e-01 0.000000000000000000e+00
8.050000000000000488e-01 0.000000000000000000e+00
8.150000000000000577e-01 0.000000000000000000e+00
8.250000000000000666e-01 0.000000000000000000e+00
8.350000000000000755e-01 0.000000000000000000e+00
8.449999999999999734e-01 0.000000000000000000e+00
8.549999999999999822e-01 0.000000000000000000e+00
8.649999999999999911e-01 0.000000000000000000e+00
8.750000000000000000e-01 0.000000000000000000e+00
8.850000000000000089e-01 0.000000000000000000e+00
8.950000000000000178e-01 0.000000000000000000e+00
9.050000000000000266e-01 0.000000000000000000e+00
9.150000000000000355e-01 0.000000000000000000e+00
9.250000000000000444e-01 0.000000000000000000e+00
9.350000000000000533e-01 0.000000000000000000e+00
9.450000000000000622e-01 0.000000000000000000e+00
9.550000000000000711e-01 0.000000000000000000e+00
9.649999999999999689e-01 0.000000000000000000e+00
9.749999999999999778e-01 0.000000000000000000e+00
9.849999999999999867e-01 0.000000000000000000e+00
9.949999999999999956e-01 0.000000000000000000e+00
1.004999999999999893e+00 0.000000000000000000e+00
1.014999999999999902e+00 0.000000000000000000e+00
1.024999999999999911e+00 0.000000000000000000e+00
1.034999999999999920e+00 0.000000000000000000e+00
1.044999999999999929e+00 0.000000000000000000e+00
1.054999999999999938e+00 0.000000000000000000e+00
1.064999999999999947e+00 0.000000000000000000e+00
1.074999999999999956e+00 0.000000000000000000e+00
1.084999999999999964e+00 0.000000000000000000e+00
1.094999999999999973e+00 0.000000000000000000e+00
1.104999999999999982e+00 0.000000000000000000e+00
1.114999999999999991e+00 0.000000000000000000e+00
1.125000000000000000e+00 0.000000000000000000e+00
1.135000000000000009e+00 0.000000000000000000e+00
1.145000000000000018e+00 0.000000000000000000e+00
1.155000000000000027e+00 0.000000000000000000e+00
1.164999999999999813e+00 0.000000000000000000e+00
1.174999999999999822e+00 0.000000000000000000e+00
1.184999999999999831e+00 0.000000000000000000e+00
1.194999999999999840e+00 0.000000000000000000e+00
1.204999999999999849e+00 0.000000000000000000e+00
1.214999999999999858e+00 0.000000000000000000e+00
1.224999999999999867e+00 0.000000000000000000e+00
1.234999999999999876e+00 0.000000000000000000e+00
1.244999999999999885e+00 0.000000000000000000e+00
1.254999999999999893e+00 0.000000000000000000e+00
1.264999999999999902e+00 0.000000000000000000e+00
1.274999999999999911e+00 3.170584730674744477e-05
1.284999999999999920e+00 7.179287552327227699e-04
1.294999999999999929e+00 4.640846585492603739e-03
1.304999999999999938e+00 1.458766728464742923e-02
1.314999999999999947e+00 3.725790011235117355e-02
1.324999999999999956e+00 9.062849563431267519e-02
1.334999999999999964e+00 1.799109508498752397e-01
1.344999999999999973e+00 3.351170816903189520e-01
1.354999999999999982e+00 5.754305124230144619e-01
1.364999999999999991e+00 8.621360011442210647e-01
1.375000000000000000e+00 1.159281107910627995e+00
1.385000000000000009e+00 1.478900484827116113e+00
1.395000000000000018e+00 1.764133950422813291e+00
1.405000000000000027e+00 2.051361122002487658e+00
1.414999999999999813e+00 2.349885450043003310e+00
1.424999999999999822e+00 2.656736751918330253e+00
1.434999999999999831e+00 2.921096221030014650e+00
1.444999999999999840e+00 3.169589978632960214e+00
1.454999999999999849e+00 3.378253962903934760e+00
1.464999999999999858e+00 3.530897200406755143e+00
1.474999999999999867e+00 3.680573272459480183e+00
1.484999999999999876e+00 3.741979945850673506e+00
1.494999999999999885e+00 3.806262587481886062e+00
1.504999999999999893e+00 3.823342220589499352e+00
1.514999999999999902e+00 3.821675817062246239e+00
1.524999999999999911e+00 3.756117515780202254e+00
1.534999999999999920e+00 3.648909925563491363e+00
1.544999999999999929e+00 3.503365950166985154e+00
1.554999999999999938e+00 3.290164139976679891e+00
1.564999999999999947e+00 3.056897155067129113e+00
1.574999999999999956e+00 2.795402515835698321e+00
1.584999999999999964e+00 2.489957117594353342e+00
1.594999999999999973e+00 2.234311885576448997e+00
1.604999999999999982e+00 2.005933459187122736e+00
1.614999999999999991e+00 1.785077781849690348e+00
1.625000000000000000e+00 1.553952887683200945e+00
1.635000000000000009e+00 1.342117337138284405e+00
1.645000000000000018e+00 1.147397186907254785e+00
1.655000000000000027e+00 9.602818508832455802e-01
1.665000000000000036e+00 8.049704784871845042e-01
1.674999999999999822e+00 6.712001509507168340e-01
1.684999999999999831e+00 5.475646571404612084e-01
1.694999999999999840e+00 4.349182744697406289e-01
1.704999999999999849e+00 3.361810166438646830e-01
1.714999999999999858e+00 2.739697339416771737e-01
1.724999999999999867e+00 2.143347832999742408e-01
1.734999999999999876e+00 1.579188627230813657e-01
1.744999999999999885e+00 1.171998262044609829e-01
1.754999999999999893e+00 8.823975920268981032e-02
1.764999999999999902e+00 6.009207743929036866e-02
1.774999999999999911e+00 4.433363965330139322e-02
1.784999999999999920e+00 3.348534117941456140e-02
1.794999999999999929e+00 2.412310860318637659e-02
1.804999999999999938e+00 1.969589805498171350e-02
1.814999999999999947e+00 1.816518486383774181e-02
1.824999999999999956e+00 1.614059141301233888e-02
1.834999999999999964e+00 1.345481165307931860e-02
1.844999999999999973e+00 1.135610550696777160e-02
1.854999999999999982e+00 1.180318726191331540e-02
1.864999999999999991e+00 1.164731424286251718e-02
1.875000000000000000e+00 1.142078204997538926e-02
1.885000000000000009e+00 1.167707614828483384e-02
1.895000000000000018e+00 1.392240481647527041e-02
1.905000000000000027e+00 1.458617587713857341e-02
1.915000000000000036e+00 1.561483771756539372e-02
1.924999999999999822e+00 1.587030084998896848e-02
1.934999999999999831e+00 1.726221775706324527e-02
1.944999999999999840e+00 1.873374005464148798e-02
1.954999999999999849e+00 2.087557495037270852e-02
1.964999999999999858e+00 2.183831933240112932e-02
1.974999999999999867e+00 2.439262439980605102e-02
1.984999999999999876e+00 2.727382679812662483e-02
1.994999999999999885e+00 2.886591435262555322e-02
2.004999999999999893e+00 2.991210965263419244e-02
2.015000000000000124e+00 3.176130019778591190e-02
2.024999999999999911e+00 3.485466327828038585e-02
2.035000000000000142e+00 3.753734878808515779e-02
2.044999999999999929e+00 4.349367729502690016e-02
2.054999999999999716e+00 4.906406231348200975e-02
2.064999999999999947e+00 5.366658605942965093e-02
2.074999999999999734e+00 6.166183812738928322e-02
2.084999999999999964e+00 7.248938961246763346e-02
2.094999999999999751e+00 8.084142161077793876e-02
2.104999999999999982e+00 9.762794899663974901e-02
2.114999999999999769e+00 1.107065715764588704e-01
2.125000000000000000e+00 1.199512232974686982e-01
2.134999999999999787e+00 1.308048017269767271e-01
2.145000000000000018e+00 1.385610511991404170e-01
2.154999999999999805e+00 1.539037304791665284e-01
2.165000000000000036e+00 1.764131560404370025e-01
2.174999999999999822e+00 1.933386472726590921e-01
2.185000000000000053e+00 2.216179625963762279e-01
2.194999999999999840e+00 2.507871885553425439e-01
2.205000000000000071e+00 2.812639141544105437e-01
2.214999999999999858e+00 3.170538244763526636e-01
2.225000000000000089e+00 3.538770208769395076e-01
2.234999999999999876e+00 3.956637365701486941e-01
2.245000000000000107e+00 4.360697208897970634e-01
2.254999999999999893e+00 4.859621223877033103e-01
2.265000000000000124e+00 5.492950556980081833e-01
2.274999999999999911e+00 6.041984565735857293e-01
2.285000000000000142e+00 6.773517461164932918e-01
2.294999999999999929e+00 7.656010682288133529e-01
2.305000000000000160e+00 8.477081716051880766e-01
2.314999999999999947e+00 9.403447802890373408e-01
2.324999999999999734e+00 1.034639706660913872e+00
2.334999999999999964e+00 1.135805773300846644e+00
2.344999999999999751e+00 1.229963401275423029e+00
2.354999999999999982e+00 1.327911593890106046e+00
2.364999999999999769e+00 1.456618187119459229e+00
2.375000000000000000e+00 1.556487487548221749e+00
2.384999999999999787e+00 1.654905965184185312e+00
2.395000000000000018e+00 1.736938309238692302e+00
2.404999999999999805e+00 1.815047886942248168e+00
2.415000000000000036e+00 1.875457554988110287e+00
2.424999999999999822e+00 1.933820688238251151e+00
2.435000000000000053e+00 1.976959635598816822e+00
2.444999999999999840e+00 2.016898200571767497e+00
2.455000000000000071e+00 2.056472382970292223e+00
2.464999999999999858e+00 2.065132868716235581e+00
2.475000000000000089e+00 2.086485439897274308e+00
2.484999999999999876e+00 2.087287816577443778e+00
2.495000000000000107e+00 2.066863689754807165e+00
2.504999999999999893e+00 2.035429138277994099e+00
2.515000000000000124e+00 2.006269786158942026e+00
2.524999999999999911e+00 1.977426756503470440e+00
2.535000000000000142e+00 1.952223838051507343e+00
2.544999999999999929e+00 1.938026430885843032e+00
2.555000000000000160e+00 1.911500366797616035e+00
2.564999999999999947e+00 1.898614803146814856e+00
2.574999999999999734e+00 1.882171254294289220e+00
2.584999999999999964e+00 1.866673023113795793e+00
2.594999999999999751e+00 1.852229877277173031e+00
2.604999999999999982e+00 1.824790379723215006e+00
2.614999999999999769e+00 1.797135255896882056e+00
2.625000000000000000e+00 1.764978282220321715e+00
2.634999999999999787e+00 1.732907868894682402e+00
2.645000000000000018e+00 1.685711278682173964e+00
2.654999999999999805e+00 1.623600816847956541e+00
2.665000000000000036e+00 1.559397936736477641e+00
2.674999999999999822e+00 1.498578556102104331e+00
2.685000000000000053e+00 1.437733755263827629e+00
2.694999999999999840e+00 1.394071028125609679e+00
2.705000000000000071e+00 1.339158209196521510e+00
2.714999999999999858e+00 1.277141741953578657e+00
2.725000000000000089e+00 1.218774309301423830e+00
2.734999999999999876e+00 1.167922310557869547e+00
2.745000000000000107e+00 1.134324372333513020e+00
2.754999999999999893e+00 1.108299298207257699e+00
2.765000000000000124e+00 1.073916791144511995e+00
2.774999999999999911e+00 1.027196067561630288e+00
2.785000000000000142e+00 1.000388695340550749e+00
2.794999999999999929e+00 9.774018209886015107e-01
2.805000000000000160e+00 9.512972025062631509e-01
2.814999999999999947e+00 9.360167192606841935e-01
2.824999999999999734e+00 9.047242605311734964e-01
2.834999999999999964e+00 8.857965046891941308e-01
2.844999999999999751e+00 8.725948163235521804e-01
2.854999999999999982e+00 8.669164460940120831e-01
2.864999999999999769e+00 8.577230249352242319e-01
2.875000000000000000e+00 8.654540198047105948e-01
2.884999999999999787e+00 8.697567694350289980e-01
2.895000000000000018e+00 8.757199253732388389e-01
2.904999999999999805e+00 8.782091162631918690e-01
2.915000000000000036e+00 8.865940963954940246e-01
2.924999999999999822e+00 8.933319664195162879e-01
2.935000000000000053e+00 9.026740273546279836e-01
2.944999999999999840e+00 9.051772263730265555e-01
2.955000000000000071e+00 9.091488056002809959e-01
2.964999999999999858e+00 9.069899319843035546e-01
2.975000000000000089e+00 9.017646591652880295e-01
2.984999999999999876e+00 9.006497159973771982e-01
2.995000000000000107e+00 9.021267381635257321e-01
3.004999999999999893e+00 8.985412756975831305e-01
3.015000000000000124e+00 8.916721448588958987e-01
3.024999999999999911e+00 8.926752414425044302e-01
3.035000000000000142e+00 8.899750863059041617e-01
3.044999999999999929e+00 8.834888166056026337e-01
3.055000000000000160e+00 8.811439000111881414e-01
3.064999999999999947e+00 8.836553646700320286e-01
3.075000000000000178e+00 8.843821769212591999e-01
3.084999999999999964e+00 8.772283067337903750e-01
3.094999999999999751e+00 8.721122415376385550e-01
3.104999999999999982e+00 8.710426745322827902e-01
3.114999999999999769e+00 8.679237834209728719e-01
3.125000000000000000e+00 8.725907091081624989e-01
3.134999999999999787e+00 8.700640235878503992e-01
3.145000000000000018e+00 8.702458609464733819e-01
3.154999999999999805e+00 8.741930401070195922e-01
3.165000000000000036e+00 8.871391287763338296e-01
3.174999999999999822e+00 8.988773209991498536e-01
3.185000000000000053e+00 9.070110500403346654e-01
3.194999999999999840e+00 9.200140752861899474e-01
3.205000000000000071e+00 9.252405971498919302e-01
3.214999999999999858e+00 9.261657755389848257e-01
3.225000000000000089e+00 9.363535815030681331e-01
3.234999999999999876e+00 9.399362113198290736e-01
3.245000000000000107e+00 9.374119230409699854e-01
3.254999999999999893e+00 9.449270936662034215e-01
3.265000000000000124e+00 9.496203214847704910e-01
3.274999999999999911e+00 9.401249274814718060e-01
3.285000000000000142e+00 9.378488302765722873e-01
3.294999999999999929e+00 9.356921927120935845e-01
3.305000000000000160e+00 9.255982214913442974e-01
3.314999999999999947e+00 9.215935740899906525e-01
3.325000000000000178e+00 9.077087356561229781e-01
3.334999999999999964e+00 8.942701956300418420e-01
3.344999999999999751e+00 8.871255439943217525e-01
3.354999999999999982e+00 8.849817083822080210e-01
3.364999999999999769e+00 8.800527908794958387e-01
3.375000000000000000e+00 8.708679593310173495e-01
3.384999999999999787e+00 8.669716292378117917e-01
3.395000000000000018e+00 8.639064785463222984e-01
3.404999999999999805e+00 8.662192384989962912e-01
3.415000000000000036e+00 8.603006659609654383e-01
3.424999999999999822e+00 8.611940137255618133e-01
3.435000000000000053e+00 8.612149496045146124e-01
3.444999999999999840e+00 8.649082806495935749e-01
3.455000000000000071e+00 8.685185780681500267e-01
3.464999999999999858e+00 8.733220972670775462e-01
3.475000000000000089e+00 8.867291469037983376e-01
3.484999999999999876e+00 8.927833801296560789e-01
3.495000000000000107e+00 9.013320556244277526e-01
3.504999999999999893e+00 9.079437256283867663e-01
3.515000000000000124e+00 9.160967998910894972e-01
3.524999999999999911e+00 9.291122317741740133e-01
3.535000000000000142e+00 9.431002026576544850e-01
3.544999999999999929e+00 9.560749952002385310e-01
3.555000000000000160e+00 9.656264144033112062e-01
3.564999999999999947e+00 9.789612001436445166e-01
3.575000000000000178e+00 9.927569716510604714e-01
3.584999999999999964e+00 1.002886762218464289e+00
3.594999999999999751e+00 1.019584623648728483e+00
3.604999999999999982e+00 1.028376123763811156e+00
3.614999999999999769e+00 1.038987472832538339e+00
3.625000000000000000e+00 1.048815131803485068e+00
3.634999999999999787e+00 1.067389470601313617e+00
3.645000000000000018e+00 1.071029833265925379e+00
3.654999999999999805e+00 1.084155807305486663e+00
3.665000000000000036e+00 1.093059183936695655e+00
3.674999999999999822e+00 1.117885988772119310e+00
3.685000000000000053e+00 1.135883861147231721e+00
3.694999999999999840e+00 1.147804222617543557e+00
3.705000000000000071e+00 1.164348092506545029e+00
3.714999999999999858e+00 1.172559745587960167e+00
3.725000000000000089e+00 1.181041727714552625e+00
3.734999999999999876e+00 1.191219202087516527e+00
3.745000000000000107e+00 1.189103330076058507e+00
3.754999999999999893e+00 1.187771683195019801e+00
3.765000000000000124e+00 1.188768106192366947e+00
3.774999999999999911e+00 1.188167612190619504e+00
3.785000000000000142e+00 1.187815897537226606e+00
3.794999999999999929e+00 1.185321995610589818e+00
3.805000000000000160e+00 1.186850009869712119e+00
3.814999999999999947e+00 1.184014626971380491e+00
3.825000000000000178e+00 1.178110105202872848e+00
3.834999999999999964e+00 1.176789366446937102e+00
3.844999999999999751e+00 1.166890029685460739e+00
3.854999999999999982e+00 1.158485557034743429e+00
3.864999999999999769e+00 1.151687733485981635e+00
3.875000000000000000e+00 1.142819804584718657e+00
3.884999999999999787e+00 1.128181469975216178e+00
3.895000000000000018e+00 1.113046289420727586e+00
3.904999999999999805e+00 1.096956019946474736e+00
3.915000000000000036e+00 1.078019177614434776e+00
3.924999999999999822e+00 1.058193568279736319e+00
3.935000000000000053e+00 1.041897305949051500e+00
3.944999999999999840e+00 1.021351051110119368e+00
3.955000000000000071e+00 1.002106165984693043e+00
3.964999999999999858e+00 9.818389803661117243e-01
3.975000000000000089e+00 9.622912485140954209e-01
3.984999999999999876e+00 9.390745012713723749e-01
3.995000000000000107e+00 9.246811091411383243e-01
