# Radial distribution function (400 data points):
# "Pair separation distance" g(r)
0.005 0.0 
0.015 0.0 
0.025 0.0 
0.035 0.0 
0.045 0.0 
0.055 0.0 
0.065 0.0 
0.075 0.0 
0.085 0.0 
0.095 0.0 
0.105 0.0 
0.115 0.0 
0.125 0.0 
0.135 0.0 
0.145 0.0 
0.155 0.0 
0.165 0.0 
0.175 0.0 
0.185 0.0 
0.195 0.0 
0.205 0.0 
0.215 0.0 
0.225 0.0 
0.235 0.0 
0.245 0.0 
0.255 0.0 
0.265 0.0 
0.275 0.0 
0.285 0.0 
0.295 0.0 
0.305 0.0 
0.315 0.0 
0.325 0.0 
0.335 0.0 
0.345 0.0 
0.355 0.0 
0.365 0.0 
0.375 0.0 
0.385 0.0 
0.395 0.0 
0.405 0.0 
0.415 0.0 
0.425 0.0 
0.435 0.0 
0.445 0.0 
0.455 0.0 
0.465 0.0 
0.475 0.0 
0.485 0.0 
0.495 0.0 
0.505 0.0 
0.515 0.0 
0.525 0.0 
0.535 0.0 
0.545 0.0 
0.555 0.0 
0.565 0.0 
0.575 0.0 
0.585 0.0 
0.595 0.0 
0.605 0.0 
0.615 0.0 
0.625 0.0 
0.635 0.0 
0.645 0.0 
0.655 0.0 
0.665 0.0 
0.675 0.0 
0.685 0.0 
0.695 0.0 
0.705 0.0 
0.715 0.0 
0.725 0.0 
0.735 0.0 
0.745 0.0 
0.755 0.0 
0.765 0.0 
0.775 0.0 
0.785 0.0 
0.795 0.0 
0.805 0.0 
0.815 0.0 
0.825 0.0 
0.835 0.0 
0.845 0.0 
0.855 0.0 
0.865 0.0 
0.875 0.0 
0.885 0.0 
0.895 0.0 
0.905 0.0 
0.915 0.0 
0.925 0.0 
0.935 0.0 
0.945 0.0 
0.955 0.0 
0.965 0.0 
0.975 0.0 
0.985 0.0 
0.995 0.0 
1.005 0.0 
1.015 0.0 
1.025 0.0 
1.035 0.0 
1.045 0.0 
1.055 0.0 
1.065 0.0 
1.075 0.0 
1.085 0.0 
1.095 0.0 
1.105 0.0 
1.115 0.0 
1.125 0.0 
1.135 0.0 
1.145 0.0 
1.155 0.0 
1.165 0.0 
1.175 0.0 
1.185 0.0 
1.195 0.0 
1.205 0.0 
1.215 0.0 
1.225 0.0 
1.235 0.0 
1.245 0.0 
1.255 0.0 
1.265 0.0 
1.275 3.1705847307e-05 
1.285 7.1792875523e-04 
1.295 0.0046408466 
1.305 0.0145876673 
1.315 0.0372579001 
1.325 0.0906284956 
1.335 0.1799109508 
1.345 0.3351170817 
1.355 0.5754305124 
1.365 0.8621360011 
1.375 1.1592811079 
1.385 1.4789004848 
1.395 1.7641339504 
1.405 2.051361122 
1.415 2.34988545 
1.425 2.6567367519 
1.435 2.921096221 
1.445 3.1695899786 
1.455 3.3782539629 
1.465 3.5308972004 
1.475 3.6805732725 
1.485 3.7419799459 
1.495 3.8062625875 
1.505 3.8233422206 
1.515 3.8216758171 
1.525 3.7561175158 
1.535 3.6489099256 
1.545 3.5033659502 
1.555 3.29016414 
1.565 3.0568971551 
1.575 2.7954025158 
1.585 2.4899571176 
1.595 2.2343118856 
1.605 2.0059334592 
1.615 1.7850777818 
1.625 1.5539528877 
1.635 1.3421173371 
1.645 1.1473971869 
1.655 0.9602818509 
1.665 0.8049704785 
1.675 0.671200151 
1.685 0.5475646571 
1.695 0.4349182745 
1.705 0.3361810166 
1.715 0.2739697339 
1.725 0.2143347833 
1.735 0.1579188627 
1.745 0.1171998262 
1.755 0.0882397592 
1.765 0.0600920774 
1.775 0.0443336397 
1.785 0.0334853412 
1.795 0.0241231086 
1.805 0.0196958981 
1.815 0.0181651849 
1.825 0.0161405914 
1.835 0.0134548117 
1.845 0.0113561055 
1.855 0.0118031873 
1.865 0.0116473142 
1.875 0.011420782 
1.885 0.0116770761 
1.895 0.0139224048 
1.905 0.0145861759 
1.915 0.0156148377 
1.925 0.0158703008 
1.935 0.0172622178 
1.945 0.0187337401 
1.955 0.020875575 
1.965 0.0218383193 
1.975 0.0243926244 
1.985 0.0272738268 
1.995 0.0288659144 
2.005 0.0299121097 
2.015 0.0317613002 
2.025 0.0348546633 
2.035 0.0375373488 
2.045 0.0434936773 
2.055 0.0490640623 
2.065 0.0536665861 
2.075 0.0616618381 
2.085 0.0724893896 
2.095 0.0808414216 
2.105 0.097627949 
2.115 0.1107065716 
2.125 0.1199512233 
2.135 0.1308048017 
2.145 0.1385610512 
2.155 0.1539037305 
2.165 0.176413156 
2.175 0.1933386473 
2.185 0.2216179626 
2.195 0.2507871886 
2.205 0.2812639142 
2.215 0.3170538245 
2.225 0.3538770209 
2.235 0.3956637366 
2.245 0.4360697209 
2.255 0.4859621224 
2.265 0.5492950557 
2.275 0.6041984566 
2.285 0.6773517461 
2.295 0.7656010682 
2.305 0.8477081716 
2.315 0.9403447803 
2.325 1.0346397067 
2.335 1.1358057733 
2.345 1.2299634013 
2.355 1.3279115939 
2.365 1.4566181871 
2.375 1.5564874875 
2.385 1.6549059652 
2.395 1.7369383092 
2.405 1.8150478869 
2.415 1.875457555 
2.425 1.9338206882 
2.435 1.9769596356 
2.445 2.0168982006 
2.455 2.056472383 
2.465 2.0651328687 
2.475 2.0864854399 
2.485 2.0872878166 
2.495 2.0668636898 
2.505 2.0354291383 
2.515 2.0062697862 
2.525 1.9774267565 
2.535 1.9522238381 
2.545 1.9380264309 
2.555 1.9115003668 
2.565 1.8986148031 
2.575 1.8821712543 
2.585 1.8666730231 
2.595 1.8522298773 
2.605 1.8247903797 
2.615 1.7971352559 
2.625 1.7649782822 
2.635 1.7329078689 
2.645 1.6857112787 
2.655 1.6236008168 
2.665 1.5593979367 
2.675 1.4985785561 
2.685 1.4377337553 
2.695 1.3940710281 
2.705 1.3391582092 
2.715 1.277141742 
2.725 1.2187743093 
2.735 1.1679223106 
2.745 1.1343243723 
2.755 1.1082992982 
2.765 1.0739167911 
2.775 1.0271960676 
2.785 1.0003886953 
2.795 0.977401821 
2.805 0.9512972025 
2.815 0.9360167193 
2.825 0.9047242605 
2.835 0.8857965047 
2.845 0.8725948163 
2.855 0.8669164461 
2.865 0.8577230249 
2.875 0.8654540198 
2.885 0.8697567694 
2.895 0.8757199254 
2.905 0.8782091163 
2.915 0.8865940964 
2.925 0.8933319664 
2.935 0.9026740274 
2.945 0.9051772264 
2.955 0.9091488056 
2.965 0.906989932 
2.975 0.9017646592 
2.985 0.900649716 
2.995 0.9021267382 
3.005 0.8985412757 
3.015 0.8916721449 
3.025 0.8926752414 
3.035 0.8899750863 
3.045 0.8834888166 
3.055 0.8811439 
3.065 0.8836553647 
3.075 0.8843821769 
3.085 0.8772283067 
3.095 0.8721122415 
3.105 0.8710426745 
3.115 0.8679237834 
3.125 0.8725907091 
3.135 0.8700640236 
3.145 0.8702458609 
3.155 0.8741930401 
3.165 0.8871391288 
3.175 0.898877321 
3.185 0.90701105 
3.195 0.9200140753 
3.205 0.9252405971 
3.215 0.9261657755 
3.225 0.9363535815 
3.235 0.9399362113 
3.245 0.937411923 
3.255 0.9449270937 
3.265 0.9496203215 
3.275 0.9401249275 
3.285 0.9378488303 
3.295 0.9356921927 
3.305 0.9255982215 
3.315 0.9215935741 
3.325 0.9077087357 
3.335 0.8942701956 
3.345 0.887125544 
3.355 0.8849817084 
3.365 0.8800527909 
3.375 0.8708679593 
3.385 0.8669716292 
3.395 0.8639064785 
3.405 0.8662192385 
3.415 0.860300666 
3.425 0.8611940137 
3.435 0.8612149496 
3.445 0.8649082806 
3.455 0.8685185781 
3.465 0.8733220973 
3.475 0.8867291469 
3.485 0.8927833801 
3.495 0.9013320556 
3.505 0.9079437256 
3.515 0.9160967999 
3.525 0.9291122318 
3.535 0.9431002027 
3.545 0.9560749952 
3.555 0.9656264144 
3.565 0.9789612001 
3.575 0.9927569717 
3.585 1.0028867622 
3.595 1.0195846236 
3.605 1.0283761238 
3.615 1.0389874728 
3.625 1.0488151318 
3.635 1.0673894706 
3.645 1.0710298333 
3.655 1.0841558073 
3.665 1.0930591839 
3.675 1.1178859888 
3.685 1.1358838611 
3.695 1.1478042226 
3.705 1.1643480925 
3.715 1.1725597456 
3.725 1.1810417277 
3.735 1.1912192021 
3.745 1.1891033301 
3.755 1.1877716832 
3.765 1.1887681062 
3.775 1.1881676122 
3.785 1.1878158975 
3.795 1.1853219956 
3.805 1.1868500099 
3.815 1.184014627 
3.825 1.1781101052 
3.835 1.1767893664 
3.845 1.1668900297 
3.855 1.158485557 
3.865 1.1516877335 
3.875 1.1428198046 
3.885 1.12818147 
3.895 1.1130462894 
3.905 1.0969560199 
3.915 1.0780191776 
3.925 1.0581935683 
3.935 1.0418973059 
3.945 1.0213510511 
3.955 1.002106166 
3.965 0.9818389804 
3.975 0.9622912485 
3.985 0.9390745013 
3.995 0.9246811091 
